# r_pc rho_shell_Msun_pc3 sigma1d_kms; adiabatic post-BH Lagrangian fluid snapshot
2.0669684966316090e+01 5.5364767078326045e+00 3.8787529886402218e+01
2.1056745787912675e+01 4.5505852372910418e+00 3.6557017504325621e+01
2.1437612928544617e+01 4.5175088341430172e+00 3.6475252461569404e+01
2.1818283104068797e+01 4.4858383306889422e+00 3.6396827329884459e+01
2.2210252197790993e+01 4.4547883132598001e+00 3.6319826147915364e+01
2.2617915785380241e+01 4.4237427695179079e+00 3.6242735811330412e+01
2.3038442531824266e+01 4.3926962018962055e+00 3.6165551432073691e+01
2.3468664817972925e+01 4.3619110908286807e+00 3.6088936942579778e+01
2.3906733960676341e+01 4.3315806630970055e+00 3.6013388908124334e+01
2.4352087449115537e+01 4.3017850178610368e+00 3.5939124836013796e+01
2.4804596583932028e+01 4.2725373455443156e+00 3.5866196119404329e+01
2.5264326168791257e+01 4.2438279638412544e+00 3.5794596826880579e+01
2.5731360586442989e+01 4.2156403125897430e+00 3.5724303324469822e+01
2.6205816194594359e+01 4.1879566699910429e+00 3.5655288492623264e+01
2.6687794324008724e+01 4.1607593862501639e+00 3.5587524826195256e+01
2.7177416254873936e+01 4.1340312174125513e+00 3.5520985299553210e+01
2.7674795229826735e+01 4.1077551600221822e+00 3.5455642988965636e+01
2.8180050848761525e+01 4.0819147933739188e+00 3.5391471957492811e+01
2.8693308170419783e+01 4.0564939139259222e+00 3.5328446377880603e+01
2.9214690089683774e+01 4.0314767544962242e+00 3.5266541107483889e+01
2.9744325772158177e+01 4.0068479384658753e+00 3.5205731603675872e+01
3.0282345981296142e+01 3.9825923838474750e+00 3.5145993714396049e+01
3.0828884023283969e+01 3.9586953783406336e+00 3.5087303890053128e+01
3.1384076575594602e+01 3.9351425253263264e+00 3.5029639075583141e+01
3.1948060191326121e+01 3.9119197890638593e+00 3.4972976844953116e+01
3.2520974377323483e+01 3.8890134821236080e+00 3.4917295391988254e+01
3.3102968112045438e+01 3.8664100608184491e+00 3.4862573053660157e+01
3.3694199084551421e+01 3.8440960284498398e+00 3.4808788100010176e+01
3.4294824333637166e+01 3.8220581434872871e+00 3.4755919261178654e+01
3.4904999941516820e+01 3.8002835801152237e+00 3.4703946130943145e+01
3.5524880379586740e+01 3.7787599130795422e+00 3.4652849142323149e+01
3.6154623047388156e+01 3.7574750199452986e+00 3.4602609345956829e+01
3.6794388701213954e+01 3.7364169811975017e+00 3.4553208186278461e+01
3.7444342697572033e+01 3.7155740457928554e+00 3.4504627434901828e+01
3.8104654439828600e+01 3.6949346167288590e+00 3.4456849171285583e+01
3.8775497352564599e+01 3.6744872565893134e+00 3.4409855809290718e+01
3.9457048601010129e+01 3.6542206875064971e+00 3.4363630109399367e+01
4.0149489076698714e+01 3.6341237899878838e+00 3.4318155187138707e+01
4.0853003394337904e+01 3.6141855972086439e+00 3.4273414510105418e+01
4.1567779963373091e+01 3.5943952881214773e+00 3.4229391891510723e+01
4.2294011071777895e+01 3.5747421796303054e+00 3.4186071480931211e+01
4.3031892986624534e+01 3.5552157187793223e+00 3.4143437754488161e+01
4.3781626060588742e+01 3.5358054750939840e+00 3.4101475504793392e+01
4.4543414845033773e+01 3.5165011332326097e+00 3.4060169831033413e+01
4.5317468207857935e+01 3.4972924859719492e+00 3.4019506129250139e+01
4.6103999457503370e+01 3.4781694275363519e+00 3.3979470082844593e+01
4.6903226471956650e+01 3.4591219472721715e+00 3.3940047653309620e+01
4.7715371833613396e+01 3.4401401236751816e+00 3.3901225071205438e+01
4.8540662970086373e+01 3.4212141187638654e+00 3.3862988827362372e+01
4.9379332301697360e+01 3.4023341727951455e+00 3.3825325664297779e+01
5.0231617394245816e+01 3.3834905993370774e+00 3.3788222567870697e+01
5.1097761119809476e+01 3.3646737806894982e+00 3.3751666759147660e+01
5.1978011824087609e+01 3.3458741636481171e+00 3.3715645686460711e+01
5.2872623500764327e+01 3.3270822556326154e+00 3.3680147017686636e+01
5.3781855974165332e+01 3.3082886211696376e+00 3.3645158632716651e+01
5.4705975089750346e+01 3.2894838787343272e+00 3.3610668616108470e+01
5.5645252913134506e+01 3.2706586979606711e+00 3.3576665249924744e+01
5.6599967937930217e+01 3.2518037972242153e+00 3.3543137006747465e+01
5.7570405302852080e+01 3.2329099416047336e+00 3.3510072542863327e+01
5.8556857019366824e+01 3.2139679412281503e+00 3.3477460691598182e+01
5.9559622208311659e+01 3.1949686500079983e+00 3.3445290456819066e+01
6.0579007348860443e+01 3.1759029647874040e+00 3.3413551006579716e+01
6.1615326537569395e+01 3.1567618248909093e+00 3.3382231666906691e+01
6.2668901760622788e+01 3.1375362120992989e+00 3.3351321915721954e+01
6.3740063177611901e+01 3.1182171510563124e+00 3.3320811376893971e+01
6.4829149419446765e+01 3.0987957101219465e+00 3.3290689814416282e+01
6.5936507900064456e+01 3.0792630026771053e+00 3.3260947126694752e+01
6.7062495142556415e+01 3.0596101889032057e+00 3.3231573340954867e+01
6.8207477121563855e+01 3.0398284780419194e+00 3.3202558607751463e+01
6.9371829621362011e+01 3.0199091311533386e+00 3.3173893195579183e+01
7.0555938611988665e+01 2.9998434643867853e+00 3.3145567485579591e+01
7.1760200642992899e+01 2.9796228527791753e+00 3.3117571966339639e+01
7.2985023257137001e+01 2.9592387345978617e+00 3.3089897228774596e+01
7.4230825423918262e+01 2.9386826162430015e+00 3.3062533961093060e+01
7.5498037995254535e+01 2.9179460777267989e+00 3.3035472943837412e+01
7.6787104183419501e+01 2.8970207787461391e+00 3.3008705044996070e+01
7.8098480063177291e+01 2.8758984653700090e+00 3.2982221215187849e+01
7.9432635099800734e+01 2.8545709773514099e+00 3.2956012482904370e+01
8.0790052703230927e+01 2.8330302560889975e+00 3.2930069949816186e+01
8.2171230811729231e+01 2.8112683532512377e+00 3.2904384786133171e+01
8.3576682504842950e+01 2.7892774400813112e+00 3.2878948226016192e+01
8.5006936648758227e+01 2.7670498174043665e+00 3.2853751563041051e+01
8.6462538575506315e+01 2.7445779263469814e+00 3.2828786145704491e+01
8.7944050798435015e+01 2.7218543597859455e+00 3.2804043372968209e+01
8.9452053764242265e+01 2.6988718745533515e+00 3.2779514689851105e+01
9.0987146647546908e+01 2.6756234043984919e+00 3.2755191583051506e+01
9.2549948186719988e+01 2.6521020737216570e+00 3.2731065576595775e+01
9.4141097565500743e+01 2.6283012121061464e+00 3.2707128227526958e+01
9.5761255343423770e+01 2.6042143696437283e+00 3.2683371121612574e+01
9.7411104436775517e+01 2.5798353330714212e+00 3.2659785869077879e+01
9.9091351154788683e+01 2.5551581427256571e+00 3.2636364100360396e+01
1.0080272629286350e+02 2.5301771103207993e+00 3.2613097461883228e+01
1.0254598628847125e+02 2.5048868375524838e+00 3.2589977611844503e+01
1.0432191444186940e+02 2.4792822355255852e+00 3.2566996216017650e+01
1.0613132220688250e+02 2.4533585450100390e+00 3.2544144943565804e+01
1.0797505055599595e+02 2.4271113575130050e+00 3.2521415462864930e+01
1.0985397142513001e+02 2.4005366371568124e+00 3.2498799437329787e+01
1.1176898924155556e+02 2.3736307433579524e+00 3.2476288521249856e+01
1.1372104254350705e+02 2.3463904542803595e+00 3.2453874355626780e+01
1.1571110569520056e+02 2.3188129910363542e+00 3.2431548564004920e+01
1.1774019070305340e+02 2.2908960426277898e+00 3.2409302748313216e+01
1.1980934914424246e+02 2.2626377915689622e+00 3.2387128484696234e+01
1.2191967420969088e+02 2.2340369401606850e+00 3.2365017319336680e+01
1.2407230287305437e+02 2.2050927373813693e+00 3.2342960764281827e+01
1.2626841819415903e+02 2.1758050063191714e+00 3.2320950293252089e+01
1.2850925176411388e+02 2.1461741721004501e+00 3.2298977337442253e+01
1.3079608630464142e+02 2.1162012902425427e+00 3.2277033281313301e+01
1.3313025843105163e+02 2.0858880753464062e+00 3.2255109458366611e+01
1.3551316159077894e+02 2.0552369300505005e+00 3.2233197146905361e+01
1.3794624919048979e+02 2.0242509741456329e+00 3.2211287565778122e+01
1.4043103792528814e+02 1.9929340737426904e+00 3.2189371870102342e+01
1.4296911132470638e+02 1.9612908703775145e+00 3.2167441146965551e+01
1.4556212353071737e+02 1.9293268099294230e+00 3.2145486411105672e+01
1.4821180332644323e+02 1.8970481712086595e+00 3.2123498600565142e+01
1.5091995843342789e+02 1.8644620940570655e+00 3.2101468572312235e+01
1.5368848009641817e+02 1.8315766068101129e+00 3.2079387097834712e+01
1.5651934798059443e+02 1.7984006529314125e+00 3.2057244858695654e+01
1.5941463540059939e+02 1.7649441166373419e+00 3.2035032442048291e+01
1.6237651491097068e+02 1.7312178473093636e+00 3.2012740336110475e+01
1.6540726428268079e+02 1.6972336824719083e+00 3.1990358925584530e+01
1.6850927289828883e+02 1.6630044691087642e+00 3.1967878487020215e+01
1.7168504859534917e+02 1.6285440830770255e+00 3.1945289184112077e+01
1.7493722499621913e+02 1.5938674463615254e+00 3.1922581062923761e+01
1.7826856936053730e+02 1.5589905418953491e+00 3.1899744047021684e+01
1.8168199100197464e+02 1.5239304256737576e+00 3.1876767932512614e+01
1.8518055031630698e+02 1.4887052358551731e+00 3.1853642382960938e+01
1.8876746846555955e+02 1.4533341985542296e+00 3.1830356924170026e+01
1.9244613777664804e+02 1.4178376300027005e+00 3.1806900938803619e+01
1.9622013290409242e+02 1.3822369347650174e+00 3.1783263660821230e+01
2.0009322282958175e+02 1.3465545996611521e+00 3.1759434169691922e+01
2.0406938375302340e+02 1.3108141830700080e+00 3.1735401384346527e+01
2.0815281296158250e+02 1.2750402992666869e+00 3.1711154056827805e+01
2.1234794374374090e+02 1.2392585974447257e+00 3.1686680765570447e+01
2.1665946144270987e+02 1.2034957350952542e+00 3.1661969908263547e+01
2.2109232073702321e+02 1.1677793453879728e+00 3.1637009694201577e+01
2.2565176425163412e+02 1.1321379982310953e+00 3.1611788136040552e+01
2.3034334260442992e+02 1.0966011546918457e+00 3.1586293040849458e+01
2.3517293600815213e+02 1.0611991144737538e+00 3.1560512000334153e+01
2.4014677755206225e+02 1.0259629561614936e+00 3.1534432380075703e+01
2.4527147829840115e+02 9.9092446998299044e-01 3.1508041307614821e+01
2.5055405433821161e+02 9.5611608286600502e-01 3.1481325659179348e+01
2.5600195596705879e+02 9.2157077558666944e-01 3.1454272044805315e+01
2.6162309913620680e+02 8.8732199188704441e-01 3.1426866791581041e+01
2.6742589936965447e+02 8.5340353945906577e-01 3.1399095924690840e+01
2.7341930832257958e+02 8.1984948276051561e-01 3.1370945145867676e+01
2.7961285318864310e+02 7.8669402770769681e-01 3.1342399808831065e+01
2.8601667915627394e+02 7.5397139835371307e-01 3.1313444891197591e+01
2.9264159513871073e+02 7.2171570575125410e-01 3.1284064962289282e+01
2.9949912299778794e+02 6.8996080928659775e-01 3.1254244146163327e+01
3.0660155049328580e+02 6.5874017089132697e-01 3.1223966079113548e+01
3.1396198819501643e+02 6.2808670263062016e-01 3.1193213860771149e+01
3.2159443058645121e+02 5.9803260830473404e-01 3.1161969997825874e+01
3.2951382159484990e+02 5.6860921982325086e-01 3.1130216339270405e+01
3.3773612475945367e+02 5.3984682925512406e-01 3.1097934001932984e+01
3.4627839824486028e+02 5.1177451760068249e-01 3.1065103284942236e+01
3.5515887486787545e+02 4.8441998148164128e-01 3.1031703571618365e+01
3.6439704727316507e+02 4.5780935911129661e-01 3.0997713217176933e+01
3.7401375834343827e+02 4.3196705705153549e-01 3.0963109420500363e+01
3.8403129685222825e+02 4.0691557943242085e-01 3.0927868078150130e+01
3.9447349829391055e+02 3.8267536145494857e-01 3.0891963618736892e+01
4.0536585069713453e+02 3.5926460914906522e-01 3.0855368815764884e+01
4.1673560510678374e+02 3.3669914749250729e-01 3.0818054577159213e+01
4.2861189024529034e+02 3.1499227910209165e-01 3.0779989709848415e+01
4.4102583066156063e+02 2.9415465581170774e-01 3.0741140658109451e+01
4.5401066744459945e+02 2.7419416550623088e-01 3.0701471214881352e+01
4.6760188029623129e+02 2.5511583660415948e-01 3.0660942205956520e+01
4.8183730943914492e+02 2.3692176256373970e-01 3.0619511147960818e+01
4.9675727548445576e+02 2.1961104870638309e-01 3.0577131882316220e+01
5.1240469496847095e+02 2.0317978352255336e-01 3.0533754189058723e+01
5.2882518885750778e+02 1.8762103641800779e-01 3.0489323386459844e+01
5.4606718083735655e+02 1.7292488358542735e-01 3.0443779924916310e+01
5.6418198176193516e+02 1.5907846333171821e-01 3.0397058986556786e+01
5.8322385616678457e+02 1.4606606175297468e-01 3.0349090105391443e+01
6.0325006633381020e+02 1.3386922914267180e-01 3.0299796826612809e+01
6.2432088905942794e+02 1.2246692692618381e-01 3.0249096427635919e+01
6.4649960002726129e+02 1.1183570426518014e-01 3.0196899727493253e+01
6.6985242063277985e+02 1.0194990277176715e-01 3.0143111014967840e+01
6.9444842221873887e+02 9.2781887040905800e-02 3.0087628128985216e+01
7.2035938309084702e+02 8.4302297973039841e-02 3.0030342726851462e+01
7.4765959440245285e+02 7.6480325140879560e-02 2.9971140776312478e+01
7.7642561199106399e+02 6.9283993809457392e-02 2.9909903305688079e+01
8.0673595274537024e+02 6.2680461654002734e-02 2.9846507441837193e+01
8.3867073577207327e+02 5.6636319795354280e-02 2.9780827758022351e+01
8.7231127080548947e+02 5.1117892510359045e-02 2.9712737942669946e+01
9.0773959858709429e+02 4.6091529902224038e-02 2.9642112785468644e+01
9.4503799049370139e+02 4.1523887953191133e-02 2.9568830459710114e+01
9.8428841712350072e+02 3.7382190733854445e-02 2.9492775059976200e+01
1.0255719978976115e+03 3.3634470103663390e-02 2.9413839333551465e+01
1.0689684456386567e+03 3.0249778982108566e-02 2.9331927523841404e+01
1.1145555214650776e+03 2.7198375167707668e-02 2.9246958226602107e+01
1.1624085160061745e+03 2.4451873680965696e-02 2.9158867146793781e+01
1.2125997728086556e+03 2.1983366655574012e-02 2.9067609637127823e+01
1.2651982686138092e+03 1.9767510846027885e-02 2.8973162900348981e+01
1.3202692635104750e+03 1.7780583791778295e-02 2.8875527746352059e+01
1.3778740310608728e+03 1.6000510541330910e-02 2.8774729812361887e+01
1.4380696754312974e+03 1.4406863549224434e-02 2.8670820178607574e+01
1.5009090389015603e+03 1.2980838887392685e-02 2.8563875341074226e+01
1.5664406994817596e+03 1.1705212255310536e-02 2.8453996534916023e+01
1.6347090547273770e+03 1.0564278430650675e-02 2.8341308434239014e+01
1.7057544848965201e+03 9.5437777881588765e-03 2.8225957283451383e+01
1.7796135857905829e+03 8.6308133581285400e-03 2.8108108540201624e+01
1.8563194598873192e+03 7.8137616254183757e-03 2.7987944128488380e+01
1.9359020531695180e+03 7.0821799181584825e-03 2.7865659411676386e+01
2.0183885245539259e+03 6.4267128370006704e-03 2.7741459999179078e+01
2.1038036351876881e+03 5.8389997571943100e-03 2.7615558497647314e+01
2.1921701455475923e+03 5.3115850232738444e-03 2.7488171308882389e+01
2.2835092095015366e+03 4.8378320680470526e-03 2.7359515563837462e+01
2.3778407561117569e+03 4.4118423358565856e-03 2.7229806266202516e+01
2.4751838514273622e+03 4.0283795842334423e-03 2.7099253702000407e+01
2.5755570343914524e+03 3.6827998800789100e-03 2.6968061154453963e+01
2.6789786225599341e+03 3.3709873964658243e-03 2.6836422947119086e+01
2.7854669848674821e+03 3.0892959517128497e-03 2.6704522823851462e+01
2.8950407800688713e+03 2.8344961084489904e-03 2.6572532661877261e+01
3.0077191605987891e+03 2.6037275619957881e-03 2.6440611504356589e+01
3.1235219425972891e+03 2.3944564886834402e-03 2.6308904891375562e+01
3.2424697435764406e+03 2.2044374901954446e-03 2.6177544463048413e+01
3.3645840897504399e+03 2.0316797546230223e-03 2.6046647805237910e+01
3.4898874954425173e+03 1.8744170539652962e-03 2.5916318506895397e+01
3.6184035172890640e+03 1.7310812074504650e-03 2.5786646397838506e+01
3.7501567859762213e+03 1.6002786571910526e-03 2.5657707936742462e+01
3.8851730183694494e+03 1.4807698245854399e-03 2.5529566720807576e+01
4.0234790127642091e+03 1.3714509405560620e-03 2.5402274090775151e+01
4.1651026299324067e+03 1.2713380686569019e-03 2.5275869807493780e+01
4.3100727624911869e+03 1.1795530660971701e-03 2.5150382778890194e+01
4.4584192948765203e+03 1.0953112530957176e-03 2.5025831818917101e+01
4.6101730561288969e+03 1.0179105850534275e-03 2.4902226422650994e+01
4.7653657674070237e+03 9.4672214454907789e-04 2.4779567544174789e+01
4.9240299859463557e+03 8.8118179093912364e-04 2.4657848366231885e+01
5.0861990471434428e+03 8.2078282421923924e-04 2.4537055052665213e+01
5.2519070060361692e+03 7.6506953692411081e-04 2.4417167476575649e+01
5.4211885794676919e+03 7.1363154317136916e-04 2.4298159918833186e+01
5.5940790899962094e+03 6.6609878759962804e-04 2.4180001733006918e+01
5.7706144124512630e+03 6.2213714908978819e-04 2.4062657974093860e+01
5.9508309240281887e+03 5.8144456484993698e-04 2.3946089989515581e+01
6.1347654584701677e+03 5.4374760988677934e-04 2.3830255971849574e+01
6.3224552651378044e+03 5.0879847514374670e-04 2.3715111473510255e+01
6.5139379733124551e+03 4.7637229483778415e-04 2.3600609884323987e+01
6.7092515623154268e+03 4.4626477986562567e-04 2.3486702873504584e+01
6.9084343378101439e+03 4.1829011966516263e-04 2.3373340797964058e+01
7.1115249146574806e+03 3.9227911974560058e-04 2.3260473079334488e+01
7.3185622066402611e+03 3.6807754629364131e-04 2.3148048552327435e+01
7.5295854235038914e+03 3.4554465290446127e-04 2.3036015787295515e+01
7.7446340754964704e+03 3.2455186767160179e-04 2.2924323390040549e+01
7.9637479858351144e+03 3.0498162162920212e-04 2.2812920282024447e+01
8.1869673114176003e+03 2.8672630193340434e-04 2.2701755964193421e+01
8.4143325722132431e+03 2.6968731525961318e-04 2.2590780767627610e+01
8.6458846896870054e+03 2.5377424870682397e-04 2.2479946094223926e+01
8.8816650347897848e+03 2.3890411707654780e-04 2.2369204650532090e+01
9.1217154859725633e+03 2.2500068676592781e-04 2.2258510677753822e+01
9.3660784978699430e+03 2.1199386770876611e-04 2.2147820180764654e+01
9.6147971812683190e+03 1.9981916583793890e-04 2.2037091158802582e+01
9.8679153950396812e+03 1.8841718945169895e-04 2.1926283840243222e+01
1.0125477850945237e+04 1.7773320365282826e-04 2.1815360923549189e+01
1.0387530232032475e+04 1.6771672772256547e-04 2.1704287826172610e+01
1.0654119325654461e+04 1.5832117089463029e-04 2.1593032942725493e+01
1.0925293172090207e+04 1.4950350251844102e-04 2.1481567913295162e+01
1.1201101229797307e+04 1.4122395306574210e-04 2.1369867902183980e+01
1.1481594558505678e+04 1.3344574283597179e-04 2.1257911886746982e+01
1.1766826021166553e+04 1.2613483557290643e-04 2.1145682955252749e+01
1.2056850506029476e+04 1.1925971451512241e-04 2.1033168611914530e+01
1.2351725169930187e+04 1.1279117867598476e-04 2.0920361086288999e+01
1.2651509703878070e+04 1.0670215739067017e-04 2.0807257643279371e+01
1.2956266622090672e+04 1.0096754137709217e-04 2.0693860888846842e+01
1.3266061575185395e+04 9.5564028746007292e-05 2.0580179065391860e+01
1.3580963688274773e+04 9.0469984559759760e-05 2.0466226329533185e+01
1.3901045924464906e+04 8.5665312681148701e-05 2.0352023003679594e+01
1.4226385473827206e+04 8.1131338781871595e-05 2.0237595791515119e+01
1.4557064167485007e+04 7.6850703492308160e-05 2.0122977946240660e+01
1.4893168916073011e+04 7.2807264770857416e-05 2.0008209379206455e+01
1.5234792171059516e+04 6.8986008656628345e-05 1.9893336695531435e+01
1.5582032407008997e+04 6.5372967642827570e-05 1.9778413142452372e+01
1.5934994621518354e+04 6.1955145974044090e-05 1.9663498455700012e+01
1.6293790849395053e+04 5.8720451224596404e-05 1.9548658589141095e+01
1.6658540685857275e+04 5.5657631563773893e-05 1.9433965313413353e+01
1.7029371813098376e+04 5.2756218155123002e-05 1.9319495670577265e+01
1.7406420523048964e+04 5.0006472171487695e-05 1.9205331273815567e+01
1.7789832228279658e+04 4.7399335939115852e-05 1.9091557444287847e+01
1.8179761951541252e+04 4.4926387751946460e-05 1.8978262181424196e+01
1.8576374783985531e+04 4.2579799922100401e-05 1.8865534968192787e+01
1.8979846300709400e+04 4.0352299657731574e-05 1.8753465419414308e+01
1.9390362922161461e+04 3.8237132385652178e-05 1.8642141788833090e+01
1.9808122209260462e+04 3.6228027164142253e-05 1.8531649359330086e+01
2.0233333080979915e+04 3.4319163862937164e-05 1.8422068749945371e+01
2.0666215943246334e+04 3.2505141824562566e-05 1.8313474183025839e+01
2.1107002720025452e+04 3.0780949764113845e-05 1.8205931764191067e+01
2.1555936779318206e+04 2.9141936713331895e-05 1.8099497835999813e+01
2.2013272749824915e+04 2.7583783869999170e-05 1.7994217472679079e+01
2.2479276227909468e+04 2.6102477273120590e-05 1.7890123186687426e+01
2.2954223378167244e+04 2.4694281287596203e-05 1.7787233917692898e+01
2.3438400436615026e+04 2.3355712944193684e-05 1.7685554369472399e+01
2.3932103129597159e+04 2.2083517239308732e-05 1.7585074750042601e+01
2.4435636027053602e+04 2.0874643550042175e-05 1.7485770954591782e+01
2.4949311853030897e+04 1.9726223357589152e-05 1.7387605209772541e+01
2.5473450779555278e+04 1.8635549493752214e-05 1.7290527172857463e+01
2.6008379732777124e+04 1.7600057126460786e-05 1.7194475451441274e+01
2.6554431740176584e+04 1.6617306680075493e-05 1.7099379481352024e+01
2.7111945346510478e+04 1.5684968845126837e-05 1.7005161674831708e+01
2.7681264123047276e+04 1.4800811771430206e-05 1.6911739730695796e+01
2.8262736288842898e+04 1.3962690464854677e-05 1.6819028985870979e+01
2.8856714456512687e+04 1.3168538326803236e-05 1.6726944685345273e+01
2.9463555507950521e+04 1.2416360694142187e-05 1.6635404055940612e+01
3.0083620596541747e+04 1.1704230166024476e-05 1.6544328088156874e+01
3.0717275266730867e+04 1.1030283447852474e-05 1.6453642957514482e+01
3.1364889675164399e+04 1.0392719407580663e-05 1.6363281049246627e+01
3.2026838894061861e+04 9.7897980290112192e-06 1.6273181583912297e+01
3.2703503275362760e+04 9.2198399591578031e-06 1.6183290872331373e+01
3.3395268854975693e+04 8.6812263791561946e-06 1.6093562252724922e+01
3.4102527777755546e+04 8.1723989755243906e-06 1.6003955778554854e+01
3.4825678727405488e+04 7.6918598434538023e-06 1.5914437731697939e+01
3.5565127349738221e+04 7.2381712092737861e-06 1.5824980032700180e+01
3.6321286661350656e+04 6.8099549100196217e-06 1.5735559610149210e+01
3.7094577439519104e+04 6.4058916096986754e-06 1.5646157777410403e+01
3.7885428591990545e+04 6.0247197623662270e-06 1.5556759649809759e+01
3.8694277507953950e+04 5.6652343515180930e-06 1.5467353621176290e+01
3.9521570391924361e+04 5.3262854452261660e-06 1.5377930907262840e+01
4.0367762583549214e+04 5.0067766090395685e-06 1.5288485155313040e+01
4.1233318866261048e+04 4.7056632161721824e-06 1.5199012114141127e+01
4.2118713767322159e+04 4.4219506897065512e-06 1.5109509356665448e+01
4.3024431851974048e+04 4.1546927054724855e-06 1.5019976046458915e+01
4.3950968013271609e+04 3.9029893786043190e-06 1.4930412740370700e+01
4.4898827759991531e+04 3.6659854515229852e-06 1.4840821220519887e+01
4.5868527502923709e+04 3.4428684970742158e-06 1.4751204350073476e+01
4.6860594841803460e+04 3.2328671470840798e-06 1.4661565948427715e+01
4.7875568853073019e+04 3.0352493540405668e-06 1.4571910682275622e+01
4.8914000379295670e+04 2.8493206917142760e-06 1.4482243969908801e+01
4.9976452321065553e+04 2.6744226989519809e-06 1.4392571896507814e+01
5.1063499931930324e+04 2.5099312696622452e-06 1.4302901138776136e+01
5.2175731116586881e+04 2.3552550911939629e-06 1.4213238897490811e+01
5.3313746732892563e+04 2.2098341325288964e-06 1.4123592836881880e+01
5.4478160898144422e+04 2.0731381831432140e-06 1.4033971029882487e+01
5.5669601299310983e+04 1.9446654429643034e-06 1.3944381908550396e+01
5.6888709508485961e+04 1.8239411634437141e-06 1.3854834218971892e+01
5.8136141302980344e+04 1.7105163394753746e-06 1.3765336980145095e+01
5.9412566990298918e+04 1.6039664516874691e-06 1.3675899446484374e+01
6.0718671738782068e+04 1.5038902583958646e-06 1.3586531073500172e+01
6.2055155913394228e+04 1.4099086363753479e-06 1.3497241486362030e+01
6.3422735417104537e+04 1.3216634694987194e-06 1.3408040451036356e+01
6.4822142038097591e+04 1.2388165841819703e-06 1.3318937847566120e+01
6.6254123802352769e+04 1.1610487304741965e-06 1.3229943645335629e+01
6.7719445332330681e+04 1.0880586075410246e-06 1.3141067880250390e+01
6.9218888211140846e+04 1.0195619322180702e-06 1.3052320634091016e+01
7.0753251353246073e+04 9.5529054936419209e-07 1.2963712015866605e+01
7.2323351380699634e+04 8.9499158281390122e-07 1.2875252144355041e+01
7.3930023005484793e+04 8.3842662560590523e-07 1.2786951131505573e+01
7.5574119417649039e+04 7.8537096797908905e-07 1.2698819067671966e+01
7.7256512679699299e+04 7.3561286186685475e-07 1.2610866008255194e+01
7.8978094126644792e+04 6.8895282064638953e-07 1.2523101960966446e+01
8.0739774771515062e+04 6.4520295278394169e-07 1.2435536873847258e+01
8.2542485717488249e+04 6.0418632783828768e-07 1.2348180626134717e+01
8.4387178575698519e+04 5.6573637375147361e-07 1.2261043020529771e+01
8.6274825888798237e+04 5.2969630439247623e-07 1.2174133774358728e+01
8.8206421559220878e+04 4.9591857596687893e-07 1.2087462510412626e+01
9.0182981280382242e+04 4.6426437152963819e-07 1.2001038741178727e+01
9.2205542972733616e+04 4.3460311081766657e-07 1.1914871865433872e+01
9.4275167229833081e+04 4.0681198474494613e-07 1.1828971175628798e+01
9.6392937768949807e+04 3.8077551505498820e-07 1.1743345855407176e+01
9.8559961885979501e+04 3.5638513736060921e-07 1.1658004972996704e+01
1.0077737091157393e+05 3.3353880643473597e-07 1.1572957469638487e+01
1.0304632067034781e+05 3.1214062190289982e-07 1.1488212156347997e+01
1.0536799193300342e+05 2.9210047531722544e-07 1.1403777684657971e+01
1.0774359089598662e+05 2.7333371143616076e-07 1.1319662608729796e+01
1.1017434965335731e+05 2.5576081297884667e-07 1.1235875356708716e+01
1.1266152666374763e+05 2.3930710174583512e-07 1.1152424211876216e+01
1.1520640721265532e+05 2.2390245557197951e-07 1.1069317302242192e+01
1.1781030388272725e+05 2.0948103978451149e-07 1.0986562616840409e+01
1.2047455705076396e+05 1.9598105232239463e-07 1.0904168062467845e+01
1.2320053536245633e+05 1.8334448722753825e-07 1.0822141416076017e+01
1.2598963618373926e+05 1.7151691072697032e-07 1.0740490281580284e+01
1.2884328605205005e+05 1.6044724792762504e-07 1.0659222099501804e+01
1.3176294123394939e+05 1.5008757606339712e-07 1.0578344355376943e+01
1.3475008806304875e+05 1.4039294761649824e-07 1.0497864177604196e+01
1.3780624347857593e+05 1.3132120041996357e-07 1.0417788720244172e+01
1.4093295548865886e+05 1.2283279381536939e-07 1.0338125035062506e+01
1.4413180348614469e+05 1.1489065549521830e-07 1.0258879843153945e+01
1.4740439902482170e+05 1.0746001459554964e-07 1.0180060304389563e+01
1.5075238574471779e+05 1.0050829153624000e-07 1.0101672670507551e+01
1.5417744002907671e+05 9.4004938360065686e-08 1.0023723479995034e+01
1.5768127164705211e+05 8.7921317262959852e-08 9.9462195189166103e+00
1.6126562348591082e+05 8.2230606675751970e-08 9.8691665326615041e+00
1.6493227292169019e+05 7.6907649138461617e-08 9.7925715805592208e+00
1.6868303166414707e+05 7.1928886001698571e-08 9.7164408974886509e+00
1.7251974530964054e+05 6.7272259498328695e-08 9.6407796628285425e+00
1.7644429487162325e+05 6.2917083754995224e-08 9.5655945198077852e+00
1.8045859641243686e+05 5.8843993920661903e-08 9.4908912309885398e+00
1.8456460198009404e+05 5.5034842979416466e-08 9.4166762938666650e+00
1.8876429840497489e+05 5.1472655548300944e-08 9.3429544732777323e+00
1.9305970909012592e+05 4.8141514153255417e-08 9.2697323095929818e+00
1.9745289292344925e+05 4.5026529382498608e-08 9.1970149016625733e+00
2.0194594604816911e+05 4.2113743344201225e-08 9.1248090562527704e+00
2.0654099984742881e+05 3.9390109529158663e-08 9.0531193490776545e+00
2.1124022100036003e+05 3.6843412333584087e-08 8.9819504184187853e+00
2.1604581399085958e+05 3.4462196915328404e-08 8.9113093288416607e+00
2.2096001997144040e+05 3.2235751708774276e-08 8.8412020287826305e+00
2.2598511431096404e+05 3.0154066580865583e-08 8.7716323426262939e+00
2.3112341112134012e+05 2.8207744274920380e-08 8.7026082827159659e+00
2.3637725638490121e+05 2.6388028884874181e-08 8.6341321157080007e+00
2.4174903367147737e+05 2.4686694133035319e-08 8.5662112670787067e+00
2.4724116346861710e+05 2.3096046888781625e-08 8.4988528075840026e+00
2.5285616859114432e+05 2.1608632350724338e-08 8.4321142130845761e+00
2.5860000000000000e+05 2.0205566439579467e-08 8.3685252345106331e+00
