# r[pc] rho[Msun/pc3] sigma[km/s] N gamma
2.566031667702204899e+01 2.902251535980506336e+00 3.131283095027711383e+01 9.774719689111966758e+00 1.126411103875158082e+00
2.606295958514582267e+01 2.851796781501326539e+00 3.130459053711360795e+01 9.755500501594928764e+00 5.724625518550396919e-01
2.645877777274755616e+01 2.850241906452242624e+00 3.130433423060973297e+01 9.898257559384758153e+00 3.660338004288377078e-02
2.685403260119198876e+01 2.848677857009373149e+00 3.130407630758502080e+01 1.004061008428088364e+01 3.732009378204281802e-02
2.726066366239286509e+01 2.847067419631989615e+00 3.130381062419310112e+01 1.018688554221467335e+01 3.811830424548645624e-02
2.768321340658099317e+01 2.845376625538697191e+00 3.130353156060224862e+01 1.033864232186591536e+01 3.929600590592485787e-02
2.811872890089599153e+01 2.843601414555836815e+00 3.130323842527501910e+01 1.049473934732944613e+01 4.067739778213308455e-02
2.856392032845110052e+01 2.841753695929115864e+00 3.130293316321049346e+01 1.065397067408377119e+01 4.206043125197567178e-02
2.901687240488201169e+01 2.839843291405261816e+00 3.130261737754389983e+01 1.081564006500739872e+01 4.341359508042330617e-02
2.947700451911925512e+01 2.837874355686526684e+00 3.130229173678872101e+01 1.097953031185255490e+01 4.476282699120304187e-02
2.994418572566902270e+01 2.835847252351045178e+00 3.130195628286839593e+01 1.114557793286521203e+01 4.613681394815216663e-02
3.041848517636864813e+01 2.833760917653561862e+00 3.130161082082062407e+01 1.131378807447300971e+01 4.754734300975371752e-02
3.089999214889955326e+01 2.831613774890110236e+00 3.130125506958749781e+01 1.148417061297094044e+01 4.899973018821413007e-02
3.138882874659818611e+01 2.829404090886001644e+00 3.130088872081327267e+01 1.165674613035084484e+01 5.049621295191286663e-02
3.188510141920417240e+01 2.827130056048748230e+00 3.130051145197997542e+01 1.183152813807628867e+01 5.203839688325473389e-02
3.238893699897334244e+01 2.824789808407178082e+00 3.130012293028640258e+01 1.200853651183887116e+01 5.362750712959751809e-02
3.290045387369115559e+01 2.822381418162843936e+00 3.129972280997510126e+01 1.218778666935162214e+01 5.526529646003552898e-02
3.341977681026700964e+01 2.819902917903353678e+00 3.129931073723676249e+01 1.236929515017473058e+01 5.695285679181694150e-02
3.394703602168057444e+01 2.817352269263885933e+00 3.129888634455276275e+01 1.255307906810628538e+01 5.869191964926301353e-02
3.448235933595576341e+01 2.814727383182030085e+00 3.129844925393333099e+01 1.273915324349333922e+01 6.048398567426005457e-02
3.502588086327874350e+01 2.812026116362871697e+00 3.129799907619851496e+01 1.292753333811844207e+01 6.233053206514682643e-02
3.557773619592352077e+01 2.809246261260139654e+00 3.129753540916721732e+01 1.311823397251204959e+01 6.423328294198427102e-02
3.613806338061890244e+01 2.806385554469891463e+00 3.129705783890499760e+01 1.331126906063848381e+01 6.619385139648414906e-02
3.670700376892681049e+01 2.803441671209608632e+00 3.129656593864503122e+01 1.350665203207752185e+01 6.821403206416221110e-02
3.728469843716948873e+01 2.800412231665544205e+00 3.129605926968141105e+01 1.370439447712463377e+01 7.029559507820692943e-02
3.787129134476666792e+01 2.797294801068289427e+00 3.129553738120909046e+01 1.390450724398917792e+01 7.244005313081203212e-02
3.846693600398317869e+01 2.794086862580860142e+00 3.129499980559616645e+01 1.410700267673189678e+01 7.464908330549491211e-02
3.907179468898545593e+01 2.790785800472427525e+00 3.129444605534365920e+01 1.431189414046362884e+01 7.692490573045773772e-02
3.968602885503467803e+01 2.787388927434891084e+00 3.129387562743156082e+01 1.451919255044198209e+01 7.926977089181974634e-02
4.030979883412712184e+01 2.783893510784947178e+00 3.129328800749432915e+01 1.472890632004196476e+01 8.168571772581856294e-02
4.094326317519442426e+01 2.780296774910561375e+00 3.129268267001379655e+01 1.494104106297452006e+01 8.417468349736623168e-02
4.158658328922398795e+01 2.776595889461207278e+00 3.129205907610047177e+01 1.515560115236054628e+01 8.673863363971889839e-02
4.223992388768097328e+01 2.772787954441107150e+00 3.129141667072549282e+01 1.537258971004277619e+01 8.937969668644285548e-02
4.290345425184835904e+01 2.768869994527878298e+00 3.129075488147942252e+01 1.559200893780757013e+01 9.210009333984459090e-02
4.357734766640654556e+01 2.764838956390479385e+00 3.129007311781561640e+01 1.581385978918296686e+01 9.490214482390513240e-02
4.426178139256835209e+01 2.760691709793463566e+00 3.128937077091481456e+01 1.603814185528528213e+01 9.778822374181572741e-02
4.495693638140775761e+01 2.756425048016646340e+00 3.128864721341716404e+01 1.626485314941996663e+01 1.007607639673508970e-01
4.566299725919306240e+01 2.752035688319571349e+00 3.128790179914363634e+01 1.649398998742905320e+01 1.038222532483743521e-01
4.638015232422886669e+01 2.747520271644662948e+00 3.128713386266880292e+01 1.672554686382925482e+01 1.069752412777873474e-01
4.710859361985832550e+01 2.742875362130033245e+00 3.128634271883981199e+01 1.695951634988679047e+01 1.102223411221956439e-01
4.784851701984131012e+01 2.738097446430210358e+00 3.128552766223978310e+01 1.719588899010058114e+01 1.135662326780746412e-01
4.860012233072753673e+01 2.733182933028446282e+00 3.128468796662532014e+01 1.743465319956550630e+01 1.170096642798270636e-01
4.936361340015687205e+01 2.728128151566475257e+00 3.128382288434112368e+01 1.767579515815062408e+01 1.205554544381826076e-01
5.013919823173795720e+01 2.722929352231054256e+00 3.128293164571689644e+01 1.791929870177018458e+01 1.242064932446353964e-01
5.092708910465192673e+01 2.717582705208694716e+00 3.128201345844724912e+01 1.816514520996516779e+01 1.279657437373167284e-01
5.172750269940384982e+01 2.712084300217834532e+00 3.128106750695427962e+01 1.841331349017669083e+01 1.318362432401016804e-01
5.254066022852551754e+01 2.706430146126265868e+00 3.128009295173298199e+01 1.866377965814505302e+01 1.358211047095849722e-01
5.336678757311884880e+01 2.700616170663926230e+00 3.127908892867919377e+01 1.891651701463026214e+01 1.399235180207014650e-01
5.420611542531597138e+01 2.694638220237318471e+00 3.127805454839944233e+01 1.917149591833145550e+01 1.441467512408571849e-01
5.505887943740630419e+01 2.688492059852724214e+00 3.127698889550238803e+01 1.942868365512558171e+01 1.484941519503131246e-01
5.592532037619853469e+01 2.682173373161531593e+00 3.127589102787181830e+01 1.968804430301691610e+01 1.529691484489994480e-01
5.680568428541510428e+01 2.675677762633841272e+00 3.127475997592050661e+01 1.994953859363630855e+01 1.575752509465324636e-01
5.770022265460182354e+01 2.669000749867849187e+00 3.127359474182400945e+01 2.021312376960773705e+01 1.623160528167275629e-01
5.860919259503540246e+01 2.662137776051200611e+00 3.127239429873519327e+01 2.047875343787615776e+01 1.671952316961551332e-01
5.953285702391909240e+01 2.655084202580997310e+00 3.127115758997807404e+01 2.074637741930368406e+01 1.722165505861390500e-01
6.047148485639749538e+01 2.647835311853277140e+00 3.126988352822072770e+01 2.101594159425333075e+01 1.773838589343696981e-01
6.142535120609061750e+01 2.640386308235623591e+00 3.126857099462707623e+01 2.128738774431571201e+01 1.827010936334119151e-01
6.239473759443988854e+01 2.632732319234447171e+00 3.126721883798697377e+01 2.156065339017846583e+01 1.881722799750740194e-01
6.337993216931013762e+01 2.624868396870131626e+00 3.126582587382424805e+01 2.183567162570800235e+01 1.938015324940067785e-01
6.438122993414397399e+01 2.616789519269964615e+00 3.126439088348162443e+01 2.211237094858350360e+01 1.995930558444278802e-01
6.539893298606484962e+01 2.608490592497876293e+00 3.126291261318292314e+01 2.239067508690260766e+01 2.055511454921550296e-01
6.643335076635057135e+01 2.599966452631841118e+00 3.126138977307158839e+01 2.267050282285228846e+01 2.116801883687351449e-01
6.748480032097126013e+01 2.591211868104009941e+00 3.125982103622501640e+01 2.295176781260540722e+01 2.179846634368196590e-01
6.855360657435242899e+01 2.582221542319891761e+00 3.125820503764431635e+01 2.323437840350180394e+01 2.244691421378810503e-01
6.964010261466289364e+01 2.572990116571824526e+00 3.125654037321893597e+01 2.351823744790801740e+01 2.311382887501771677e-01
7.074462999326011925e+01 2.563512173264510530e+00 3.125482559866574661e+01 2.380324211466274775e+01 2.379968605690550021e-01
7.186753903794313203e+01 2.553782239465885340e+00 3.125305922844179563e+01 2.408928369796740299e+01 2.450497080614688628e-01
7.300918918063557328e+01 2.543794790805976813e+00 3.125123973463046312e+01 2.437624742401460765e+01 2.523017747679716649e-01
7.416994930136783637e+01 2.533544255737512518e+00 3.124936554580042625e+01 2.466401225599756231e+01 2.597580971271256089e-01
7.535019808795912866e+01 2.523025020178665034e+00 3.124743504583673825e+01 2.495245069739073074e+01 2.674238041080805317e-01
7.655032441377896646e+01 2.512231432556497168e+00 3.124544657274368475e+01 2.524142859439171716e+01 2.753041166712648646e-01
7.777072773314780818e+01 2.501157809270369015e+00 3.124339841741859303e+01 2.553080493749757807e+01 2.834043470416922617e-01
7.901181849673233160e+01 2.489798440595099471e+00 3.124128882239656591e+01 2.582043166314469929e+01 2.917298977757738498e-01
8.027401858678413760e+01 2.478147597043826256e+00 3.123911598056456285e+01 2.611015345553431288e+01 3.002862606122178590e-01
8.155776177459007670e+01 2.466199536210761156e+00 3.123687803384541084e+01 2.639980754962277132e+01 3.090790150913491630e-01
8.286349420020398782e+01 2.453948510114551507e+00 3.123457307185022458e+01 2.668922353553187676e+01 3.181138269532119978e-01
8.419167487642562264e+01 2.441388773065245488e+00 3.123219913049942065e+01 2.697822316530975684e+01 3.273964461876559540e-01
8.554277621871133874e+01 2.428514590071424450e+00 3.122975419061089752e+01 2.726662016283573919e+01 3.369327049142647468e-01
8.691728460126991251e+01 2.415320245813119104e+00 3.122723617645557326e+01 2.755422003733355041e+01 3.467285148651235716e-01
8.831570094271654625e+01 2.401800054198585332e+00 3.122464295427902670e+01 2.784081990191066680e+01 3.567898645938960556e-01
8.973854132108260728e+01 2.387948368526580989e+00 3.122197233078885503e+01 2.812620829746951756e+01 3.671228163651072407e-01
9.118633762128740727e+01 2.373759592277326025e+00 3.121922205160758423e+01 2.841016502345175354e+01 3.777335025976142902e-01
9.265963821651841670e+01 2.359228190548551041e+00 3.121638979968957273e+01 2.869246097630501779e+01 3.886281219761009709e-01
9.415900868595559814e+01 2.344348702156720865e+00 3.121347319370152107e+01 2.897285799695483632e+01 3.998129352508890122e-01
9.568503256911166943e+01 2.329115752430437336e+00 3.121046978636710278e+01 2.925110872802730810e+01 4.112942603815881171e-01
9.723831216281018897e+01 2.313524066705130444e+00 3.120737706277356693e+01 2.952695648317525468e+01 4.230784673593106504e-01
9.881946935948757016e+01 2.297568484537778399e+00 3.120419243863957703e+01 2.980013512874612402e+01 4.351719726467706550e-01
1.004291465313709324e+02 2.281243974667257035e+00 3.120091325854532371e+01 3.007036897998979086e+01 4.475812328483428360e-01
1.020680074635576631e+02 2.264545650725106718e+00 3.119753679412235314e+01 3.033737271330755902e+01 4.603127380527638479e-01
1.037367383377147974e+02 2.247468787716277117e+00 3.119406024220334217e+01 3.060085129588984287e+01 4.733730045105382089e-01
1.054360487711213636e+02 2.230008839280785526e+00 3.119048072293097462e+01 3.086049993493710986e+01 4.867685667405332595e-01
1.071666729128305491e+02 2.212161455747699623e+00 3.118679527782518335e+01 3.111600404783599672e+01 5.005059689576079052e-01
1.089293706026357711e+02 2.193922502987502021e+00 3.118300086780800129e+01 3.136703925579962160e+01 5.145917558506027945e-01
1.107249285949520896e+02 2.175288082068005835e+00 3.117909437118490601e+01 3.161327140246307366e+01 5.290324627137295010e-01
1.125541618528870771e+02 2.156254549720565628e+00 3.117507258158256178e+01 3.185435659993355983e+01 5.438346047315150145e-01
1.144179149167450475e+02 2.136818539612502121e+00 3.117093220584176194e+01 3.208994130438514247e+01 5.590046655180245239e-01
1.163170633523504591e+02 2.116976984420899210e+00 3.116666986186409005e+01 3.231966242364629238e+01 5.745490849498082753e-01
1.182525152826321744e+02 2.096727138707109805e+00 3.116228207641319159e+01 3.254314745879595705e+01 5.904742459503538043e-01
1.202252130110633175e+02 2.076066602573595876e+00 3.115776528286813374e+01 3.276001468300891872e+01 6.067864604254751271e-01
1.222361347406483674e+02 2.054993346084110772e+00 3.115311581892719062e+01 3.296987335952588438e+01 6.234919545219135273e-01
1.242862963942484100e+02 2.033505734441768187e+00 3.114832992426493163e+01 3.317232400148837002e+01 6.405968524005309916e-01
1.263767535474361239e+02 2.011602553879382249e+00 3.114340373813669416e+01 3.336695867722249176e+01 6.581071593546390375e-01
1.285086034759171696e+02 1.989283038237213530e+00 3.113833329693136420e+01 3.355336136240352829e+01 6.760287438794279069e-01
1.306829873291318620e+02 1.966546896198638983e+00 3.113311453167325382e+01 3.373110834308566552e+01 6.943673182268170763e-01
1.329010924384954819e+02 1.943394339121120806e+00 3.112774326546761827e+01 3.389976867214365797e+01 7.131284182243255998e-01
1.351641547674846322e+02 1.919826109422577254e+00 3.112221521089151466e+01 3.405890468172117380e+01 7.323173816495369692e-01
1.374734615161394515e+02 1.895843509460416243e+00 3.111652596732749387e+01 3.420807255526565172e+01 7.519393252848018960e-01
1.398303538894096505e+02 1.871448430829310672e+00 3.111067101823763537e+01 3.434682296165013327e+01 7.719991208210537081e-01
1.422362300412597165e+02 1.846643384006718902e+00 3.110464572837677721e+01 3.447470175450855834e+01 7.925013692410587396e-01
1.446925482075627940e+02 1.821431528256179710e+00 3.109844534094242974e+01 3.459125073975239673e+01 8.134503738011709117e-01
1.472008300413058919e+02 1.795816701690532868e+00 3.109206497465835994e+01 3.469600851408218034e+01 8.348501115650748261e-01
1.497626641648062389e+02 1.769803451389101667e+00 3.108549962078900819e+01 3.478851137729324705e+01 8.567042034517591276e-01
1.523797099541689022e+02 1.743397063454798390e+00 3.107874414008271202e+01 3.486829432097901105e+01 8.790158825718883406e-01
1.550537015746851068e+02 1.716603592877687268e+00 3.107179325963855021e+01 3.493489209645738214e+01 9.017879609379555461e-01
1.577864522850316291e+02 1.689429893060737431e+00 3.106464156969164137e+01 3.498784036404943976e+01 9.250227947067646284e-01
1.605798590292127983e+02 1.661883644864455611e+00 3.105728352031468020e+01 3.502667692582931380e+01 9.487222473571161885e-01
1.634359073412153975e+02 1.633973384994118261e+00 3.104971341802683327e+01 3.505094304428764929e+01 9.728876513532203063e-01
1.663566765816939608e+02 1.605708533557012041e+00 3.104192542230491725e+01 3.506018484773702681e+01 9.975197678894289766e-01
1.693443455363248233e+02 1.577099420597452895e+00 3.103391354198937790e+01 3.505395482469216262e+01 1.022618744675664715e+00
1.724011984005136924e+02 1.548157311399082081e+00 3.102567163157397090e+01 3.503181340741120664e+01 1.048184071934832318e+00
1.755296311829734748e+02 1.518894430336905632e+00 3.101719338736957354e+01 3.499333064567986895e+01 1.074214536459823677e+00
1.787321585578008296e+02 1.489323983047911693e+00 3.100847234352993453e+01 3.493808797030661140e+01 1.100708173657654498e+00
1.820114212032041507e+02 1.459460176672451759e+00 3.099950186792439055e+01 3.486568004638267837e+01 1.127662217535895905e+00
1.853701936631394176e+02 1.429318237901690214e+00 3.099027515783993536e+01 3.477571671466070313e+01 1.155073048907148348e+00
1.888113927734426341e+02 1.398914428565377843e+00 3.098078523549417795e+01 3.466782501946084238e+01 1.182936141237499683e+00
1.923380866995184704e+02 1.368266058462506152e+00 3.097102494333334732e+01 3.454165132066329846e+01 1.211246004845815349e+00
1.959535046302823105e+02 1.337391495145251907e+00 3.096098693909046062e+01 3.439686348584699971e+01 1.239996128802651754e+00
1.996610471868046375e+02 1.306310170338140120e+00 3.095066369056956646e+01 3.423315315909999157e+01 1.269178921196082221e+00
2.034642975951571771e+02 1.275042582682446302e+00 3.094004747012175116e+01 3.405023810008100327e+01 1.298785647027156820e+00
2.073670336962786109e+02 1.243610296462312803e+00 3.092913034876461253e+01 3.384786458849904989e+01 1.328806364694884223e+00
2.113732408473726423e+02 1.212035935986710555e+00 3.091790418989833711e+01 3.362580988458105224e+01 1.359229860426545144e+00
2.154871258013942850e+02 1.180343175279118029e+00 3.090636064255623694e+01 3.338388473896286968e+01 1.390043581009540397e+00
2.197131316315160348e+02 1.148556722725411205e+00 3.089449113411890835e+01 3.312193593983899120e+01 1.421233565349428130e+00
2.240559537949149558e+02 1.116702300344313281e+00 3.088228686241502530e+01 3.283984888770827837e+01 1.452784374058546657e+00
2.285205574236023267e+02 1.084806617320667188e+00 3.086973878710812613e+01 3.253755018362689100e+01 1.484679018312274446e+00
2.331121959455552712e+02 1.052897337467614713e+00 3.085683762026117449e+01 3.221501021717712376e+01 1.516898887617750269e+00
2.378364311409541756e+02 1.021003040286740937e+00 3.084357381595002323e+01 3.187224573762508584e+01 1.549423676887161649e+00
2.426991547534307472e+02 9.891531753064186638e-01 3.082993755877539144e+01 3.150932239098075627e+01 1.582231313011716711e+00
2.477066117805272540e+02 9.573780093908311750e-01 3.081591875109586454e+01 3.112635720307123677e+01 1.615297881738409158e+00
2.528654255782768985e+02 9.257085667461012468e-01 3.080150699878182508e+01 3.072352098751458271e+01 1.648597554939072785e+00
2.581826249243139273e+02 8.941765613740718655e-01 3.078669159525547983e+01 3.030104065553895154e+01 1.682102518453707951e+00
2.636656731998967302e+02 8.628143217421333500e-01 3.077146150353853926e+01 2.985920140290036784e+01 1.715782902278399469e+00
2.693224998461340647e+02 8.316547075103689624e-01 3.075580533600012956e+01 2.939834874653840302e+01 1.749606712317394397e+00
2.751615342846739622e+02 8.007310181747495648e-01 3.073971133143656687e+01 2.891889038375772003e+01 1.783539765285846457e+00
2.811917424780806414e+02 7.700768935499677781e-01 3.072316732906249825e+01 2.842129784226527534e+01 1.817545627822717336e+00
2.874226663371128438e+02 7.397262060872454859e-01 3.070616073893533837e+01 2.790610789057910068e+01 1.851585560171931100e+00
2.938644661746819793e+02 7.097129450845023335e-01 3.068867850825946419e+01 2.737392367460710574e+01 1.885618466020161144e+00
3.005279664309567806e+02 6.800710929300534113e-01 3.067070708294022552e+01 2.682541554666612882e+01 1.919600849399373921e+00
3.074247048892037242e+02 6.508344936057786079e-01 3.065223236366627191e+01 2.626132155064539830e+01 1.953486780758296959e+00
3.145669856137799911e+02 6.220367137890395748e-01 3.063323965571078134e+01 2.568244752745354376e+01 1.987227872739502743e+00
3.219679358470475563e+02 5.937108969825806160e-01 3.061371361152603399e+01 2.508966680389514892e+01 2.020773268430346548e+00
3.296415670935112985e+02 5.658896112344526941e-01 3.059363816509882383e+01 2.448391942800303767e+01 2.054069643418133140e+00
3.376028406257116785e+02 5.386046911296055173e-01 3.057299645691023571e+01 2.386621091499895542e+01 2.087061224109955759e+00
3.458677376228787921e+02 5.118870748753938660e-01 3.055177074821746075e+01 2.323761046830540522e+01 2.119689824525913480e+00
3.544533341490296152e+02 4.857666374437881740e-01 3.052994232324606827e+01 2.259924864273169476e+01 2.151894904061105507e+00
3.633778811382595677e+02 4.602720208821321490e-01 3.050749137775068931e+01 2.195231441850457088e+01 2.183613649524966505e+00
3.726608895220963973e+02 4.354304630688663469e-01 3.048439689229190819e+01 2.129805165906167019e+01 2.214781083567649134e+00
3.823232205842430744e+02 4.112676263368241769e-01 3.046063648846422467e+01 2.063775492941105938e+01 2.245330203588439488e+00
3.923871815503677567e+02 3.878074275572774843e-01 3.043618626624546764e+01 1.997276465721537875e+01 2.275192153781084414e+00
4.028766263474015545e+02 3.650718714265563380e-01 3.041102062059799849e+01 1.930446162575919544e+01 2.304296434285937778e+00
4.138170613383392151e+02 3.430808888539961798e-01 3.038511203548848272e+01 1.863426079500528942e+01 2.332571150960419004e+00
4.252357557177734861e+02 3.218521824902394468e-01 3.035843085360577120e+01 1.796360445693509078e+01 2.359943308782899152e+00
4.371618560792918515e+02 3.014010815513057384e-01 3.033094502027479678e+01 1.729395474087974094e+01 2.386339153381900502e+00
4.496265044636105017e+02 2.817404082073750593e-01 3.030261980044420156e+01 1.662678549678424744e+01 2.411684563275255044e+00
4.626629589654812094e+02 2.628803578746372049e-01 3.027341746817987911e+01 1.596357359738904158e+01 2.435905496011550042e+00
4.763067156951802303e+02 2.448283957887671114e-01 3.024329696887771490e+01 1.530578971434662350e+01 2.458928490980181181e+00
4.905956305726724622e+02 2.275891722393993399e-01 3.021221355547994847e+01 1.465488863890854354e+01 2.480681230071887455e+00
5.055700390810771978e+02 2.111644587857862687e-01 3.018011840135693191e+01 1.401229923390863874e+01 2.501093157712571013e+00
5.212728716921194518e+02 1.955531076687734293e-01 3.014695819429244494e+01 1.337941412038512645e+01 2.520096159316647544e+00
5.377497622660855541e+02 1.807510364525725111e-01 3.011267471818340979e+01 1.275757921944344275e+01 2.537625296600015901e+00
5.550491462470578199e+02 1.667512396843290057e-01 3.007720443169749913e+01 1.214808328590338782e+01 2.553619595943647624e+00
5.732223450328324361e+02 1.535438290325319421e-01 3.004047805620863798e+01 1.155214758637947625e+01 2.568022883378834109e+00
5.923236324304320988e+02 1.411161029557934377e-01 3.000242018881709427e+01 1.097091588744694413e+01 2.580784658750285843e+00
6.124102786891353389e+02 1.294526464742642158e-01 2.996294896011944431e+01 1.040544493109417346e+01 2.591860996918899929e+00
6.335425672688554641e+02 1.185354610494517152e-01 2.992197576042887519e+01 9.856695582124345378e+00 2.601215462345017215e+00
6.557837792502831462e+02 1.083441239514718046e-01 2.987940506219943160e+01 9.325524835135871271e+00 2.608820019465504458e+00
6.792001402388792712e+02 9.885597580755997593e-02 2.983513437014208947e+01 8.812678866741128658e+00 2.614655918499490639e+00
7.038607247249816510e+02 9.004633430740936750e-02 2.978905433357715893e+01 8.318787309964379872e+00 2.618714533406080847e+00
7.298373132712666802e+02 8.188873131033458375e-02 2.974104905746191108e+01 7.844358912857813948e+00 2.620998124892686576e+00
7.572041986159099451e+02 7.435516987986368065e-02 2.969099664868615918e+01 7.389778720481916530e+00 2.621520502165864741e+00
7.860379377709629125e+02 6.741639711588437445e-02 2.963877003218490103e+01 6.955306889682092653e+00 2.620307552629725478e+00
8.164170486884153206e+02 6.104218807033964106e-02 2.958423806648114152e+01 6.541079209712733267e+00 2.617397610985825906e+00
8.484216517534989634e+02 5.520163557903753210e-02 2.952726698012794415e+01 6.147109358225462117e+00 2.612841640366724505e+00
8.821330585353529159e+02 4.986344054220297889e-02 2.946772213886899650e+01 5.773292875490946940e+00 2.606703200193479120e+00
9.176333125063115403e+02 4.499619706916777734e-02 2.940547013822800082e+01 5.419412788892048027e+00 2.599058181302972059e+00
9.550046889905776197e+02 4.056866698906030910e-02 2.934038119810976042e+01 5.085146769660392252e+00 2.589994294409940778e+00
9.943291640322647709e+02 3.655003852702535388e-02 2.927233181569142673e+01 4.770075655080678878e+00 2.579610306787685658e+00
1.035687864221621339e+03 3.291016445016813757e-02 2.920120761171924073e+01 4.473693126421348865e+00 2.568015030372833962e+00
1.079160511423811158e+03 2.961977567870746619e-02 2.912690628496111955e+01 4.195416296907842124e+00 2.555326075877296432e+00
1.124824877735150494e+03 2.665066720610956633e-02 2.904934057198511965e+01 3.934596938556635504e+00 2.541668396397000151e+00
1.172756266662931239e+03 2.397585412874635863e-02 2.896844109654816179e+01 3.690533062554501420e+00 2.527172654141814689e+00
1.223027036396588755e+03 2.156969660043602313e-02 2.888415898646433178e+01 3.462480566274326321e+00 2.511973454703039010e+00
1.275706179852713149e+03 1.940799354812100183e-02 2.879646813733316790e+01 3.249664671114914860e+00 2.496207495869882109e+00
1.330858974509430027e+03 1.746804594490292822e-02 2.870536701222828668e+01 3.051290898273006480e+00 2.480011686025378026e+00
1.388546712142936258e+03 1.572869129887452533e-02 2.861087988445351016e+01 2.866555361591926143e+00 2.463521288210756666e+00
1.448826515519089980e+03 1.417031173433432392e-02 2.851305745550576276e+01 2.694654197439288801e+00 2.446868141451552958e+00
1.511751245437694479e+03 1.277481858784411742e-02 2.841197681044047130e+01 2.534791995796159991e+00 2.430179010543490392e+00
1.577369497882999212e+03 1.152561680817433196e-02 2.830774070563376554e+01 2.386189143468167018e+00 2.413574107046002837e+00
1.645725687395499563e+03 1.040755263466218439e-02 2.820047621674242322e+01 2.248088035679591368e+00 2.397165814070739032e+00
1.716860209830565736e+03 9.406848044956556479e-03 2.809033280464812066e+01 2.119758154264974603e+00 2.381057639789261771e+00
1.790809674862591237e+03 8.511025337673908120e-03 2.797747988235536099e+01 2.000500046872359494e+00 2.365343413435347486e+00
1.867607196856547262e+03 7.708824974596548835e-03 2.786210398447880010e+01 1.889648271698089577e+00 2.350106725474489622e+00
1.947282731517350385e+03 6.990119482355279350e-03 2.774440565209129517e+01 1.786573394534093584e+00 2.335420607635555257e+00
2.029863445223804774e+03 6.345825838938995780e-03 2.762459614953648313e+01 1.690683140294855669e+00 2.321347437168768124e+00
2.115374104311807969e+03 5.767818371677751153e-03 2.750289412657444998e+01 1.601422809697537808e+00 2.307939045210325446e+00
2.203837472235391033e+03 5.248843796787012669e-03 2.737952233024424231e+01 1.518275074197497965e+00 2.295237005011102838e+00
2.295274703755399514e+03 4.782439654557658383e-03 2.725470445753778748e+01 1.440759260048349422e+00 2.283273070718053077e+00
2.389705726923844395e+03 4.362857051190361345e-03 2.712866222368002056e+01 1.368430226174191855e+00 2.272069739228257390e+00
2.487149605098783923e+03 3.984988318009459116e-03 2.700161270334431762e+01 1.300876931704842310e+00 2.261640906249354543e+00
2.587624873102501624e+03 3.644299943852812463e-03 2.687376598457204935e+01 1.237720778697915192e+00 2.251992588870436407e+00
2.691149843208006587e+03 3.336770927429520955e-03 2.674532315859067566e+01 1.178613804219473593e+00 2.243123690882057986e+00
2.797742878178450610e+03 3.058836531482036873e-03 2.661647465402537094e+01 1.123236784684982892e+00 2.235026788217879812e+00
2.907422629978192163e+03 2.807337295023637491e-03 2.648739891149275394e+01 1.071297304435705700e+00 2.227688915969579853e+00
3.020208243891045186e+03 2.579473069149040322e-03 2.635826138453233725e+01 1.022527830389176495e+00 2.221092341201739373e+00
3.136119528786638512e+03 2.372761780363029545e-03 2.622921384526887678e+01 9.766838255014171910e-01 2.215215308821385065e+00
3.255177095006192758e+03 2.185002587784825277e-03 2.610039396788697630e+01 9.335419257658380543e-01 2.210032751035086562e+00
3.377402461886936635e+03 2.014243082054814095e-03 2.597192515979724803e+01 8.928981986385244873e-01 2.205516953076525510e+00
3.502818137337006192e+03 1.858750169781758039e-03 2.584391660886385722e+01 8.545664950476888899e-01 2.201638169933957556e+00
3.631447672180674999e+03 1.716984294123778893e-03 2.571646351490220184e+01 8.183769024393013902e-01 2.198365191537973828e+00
3.763315692009587565e+03 1.587576656561688745e-03 2.558964747465102008e+01 7.841743025287558622e-01 2.195665854806122752e+00
3.898447909401611923e+03 1.469309124385891367e-03 2.546353699114987279e+01 7.518170344988741594e-01 2.193507502306289325e+00
4.036871119236996492e+03 1.361096530911051457e-03 2.533818808071551132e+01 7.211756621032960890e-01 2.191857388655421346e+00
4.178613179788380876e+03 1.261971099432662377e-03 2.521364495329040167e+01 6.921318414837730471e-01 2.190683036052391230e+00
4.323702982113397411e+03 1.171068746247411673e-03 2.508994074464068547e+01 6.645772853112665857e-01 2.189952541755616267e+00
4.472170410034700581e+03 1.087617041936542487e-03 2.496709828165058553e+01 6.384128180713183331e-01 2.189634839838873859e+00
4.624046292916591483e+03 1.010924632892089498e-03 2.484513086460318831e+01 6.135475168401259838e-01 2.189699920410149048e+00
4.779362353156735480e+03 9.403719464705680023e-04 2.472404305284619852e+01 5.898979316419090679e-01 2.190119009979724751e+00
4.938151150111499192e+03 8.754030229763340182e-04 2.460383144262875632e+01 5.673873794402550796e-01 2.190864715499913018e+00
5.100446022138172339e+03 8.155183357362049985e-04 2.448448542795424387e+01 5.459453058961587502e-01 2.191911136292404194e+00
5.266281028025614432e+03 7.602684769481265342e-04 2.436598793725138989e+01 5.255067091957440484e-01 2.193233947139972884e+00
5.435690889102799702e+03 7.092486017213580664e-04 2.424831614038370375e+01 5.060116205312849003e-01 2.194810455375815650e+00
5.608710933089165337e+03 6.620935358661238180e-04 2.413144212197571647e+01 4.874046360955134327e-01 2.196619635909840440e+00
5.785377040588086857e+03 6.184734647021452800e-04 2.401533351836741303e+01 4.696344957863386460e-01 2.198642146726541569e+00
5.965725595116910881e+03 5.780901304845121550e-04 2.389995411661126923e+01 4.526537041575262044e-01 2.200860328520519715e+00
6.149793437223377623e+03 5.406734751817257600e-04 2.378526441494145516e+01 4.364181894842822929e-01 2.203258190593246013e+00
6.337617823489694274e+03 5.059786733383932070e-04 2.367122214489709009e+01 4.208869971647878350e-01 2.205821386138524076e+00
6.529236390770742219e+03 4.737835067884298254e-04 2.355778275602934713e+01 4.060220139762968916e-01 2.208537179544180162e+00
6.724687126249513312e+03 4.438860391375424349e-04 2.344489986468175147e+01 3.917877200417567152e-01 2.211394407395118833e+00
6.924008343677330231e+03 4.161025532922917654e-04 2.333252566877569478e+01 3.781509656312491696e-01 2.214383436107254965e+00
7.127238666169190765e+03 3.902657200085561315e-04 2.322061133097372121e+01 3.650807702069912009e-01 2.217496117709913506e+00
7.334417015871169497e+03 3.662229695134602684e-04 2.310910733285061269e+01 3.525481413714238177e-01 2.220725745296732612e+00
7.545582610946728892e+03 3.438350418015913399e-04 2.299796380293990339e+01 3.405259116104363826e-01 2.224067010369168429e+00
7.760774970065852358e+03 3.229746943112758598e-04 2.288713082171114621e+01 3.289885909338322034e-01 2.227515963165700441e+00
7.980033924823962479e+03 3.035255483775172423e-04 2.277655870664098714e+01 3.179122337235880114e-01 2.231069976872703364e+00
8.203399640409807034e+03 2.853810581939553756e-04 2.266619828059946684e+01 3.072743182666835549e-01 2.234727717130823521e+00
8.430912644957077646e+03 2.684435880566983252e-04 2.255600112677514346e+01 2.970536376188558925e-01 2.238489117614250290e+00
8.662613867933059737e+03 2.526235854356982885e-04 2.244591983335942231e+01 2.872302005891783083e-01 2.242355362206353675e+00
8.898544688098752886e+03 2.378388389598979811e-04 2.233590823112105994e+01 2.777851417728735006e-01 2.246328874226350081e+00
9.138746991497320778e+03 2.240138117441598030e-04 2.222592162689437956e+01 2.687006396748463088e-01 2.250413312957391554e+00
9.383263240117496025e+03 2.110790416541437331e-04 2.211591703585195035e+01 2.599598420787972430e-01 2.254613577381519463e+00
9.632136551847013834e+03 1.989706011229471828e-04 2.200585341521910010e+01 2.515467979100400875e-01 2.258935817151439096e+00
9.885410792398050035e+03 1.876296100233379980e-04 2.189569190186201197e+01 2.434463949310240460e-01 2.263387449709938437e+00
1.014313068010851566e+04 1.770017958696542323e-04 2.178539605584815320e+01 2.356443026859682821e-01 2.267977183321391976e+00
1.040534190434400807e+04 1.670370963025081840e-04 2.167493211177161072e+01 2.281269201781118416e-01 2.272715044584174393e+00
1.067209125852906072e+04 1.576892994007572798e-04 2.156426923916859195e+01 2.208813278335336749e-01 2.277612408613805428e+00
1.094342678878766310e+04 1.489157178787811121e-04 2.145337981291155671e+01 2.138952433546740250e-01 2.282682030425263520e+00
1.121939795922395751e+04 1.406768936832719771e-04 2.134223969387416275e+01 2.071569811225890956e-01 2.287938074502250174e+00
1.150005583505346840e+04 1.329363298972414172e-04 2.123082851955022932e+01 2.006554148511098257e-01 2.293396140029358321e+00
1.178545328459875418e+04 1.256602472095226953e-04 2.111913000356589976e+01 1.943799432362980639e-01 2.299073277938845195e+00
1.207564520142320362e+04 1.188173625123143540e-04 2.100713224224159958e+01 1.883204583847790103e-01 2.304987995474931495e+00
1.237068874768620117e+04 1.123786874575371587e-04 2.089482802541443007e+01 1.824673168335857187e-01 2.311160243743898945e+00
1.267064361980872673e+04 1.063173450402577776e-04 2.078221514776891965e+01 1.768113130068413585e-01 2.317611382062551684e+00
1.297557233759782321e+04 1.006084024830530263e-04 2.066929671579218919e+01 1.713436549790612051e-01 2.324364113513610164e+00
1.328554055753963257e+04 9.522871888037875846e-05 2.055608144432936513e+01 1.660559424363265979e-01 2.331442384570181048e+00
1.360061741100799372e+04 9.015680622330649453e-05 2.044258393547890407e+01 1.609401467502124539e-01 2.338871240678571439e+00
1.392087586788832596e+04 8.537270256457552204e-05 2.032882493123559442e+01 1.559885930912044971e-01 2.346676630460194701e+00
1.424639312568663081e+04 8.085785620973183257e-05 2.021483153001699407e+01 1.511939445208291544e-01 2.354885150292858498e+00
1.457725102376444192e+04 7.659501993054498804e-05 2.010063735593006484e+01 1.465491880116646106e-01 2.363523720638852410e+00
1.491353648195799724e+04 7.256815429169033221e-05 1.998628266842549550e+01 1.420476223476181410e-01 2.372619186651434120e+00
1.525534196206945307e+04 6.876233926584252780e-05 1.987181439895068280e+01 1.376828478545349121e-01 2.382197835900257132e+00
1.560276595030714634e+04 6.516369338460525223e-05 1.975728610035706012e+01 1.334487579063194096e-01 2.392284828546422659e+00
1.595591345740618090e+04 6.175929973746900582e-05 1.964275779437326008e+01 1.293395321373375095e-01 2.402903536313488075e+00
1.631489653299530073e+04 5.853713818394756639e-05 1.952829570239284962e+01 1.253496312771290311e-01 2.414074790936638237e+00
1.667983478898758040e+04 5.548602319191050651e-05 1.941397184531679443e+01 1.214737934929244062e-01 2.425816046760473910e+00
1.705085592633434862e+04 5.259554675565082551e-05 1.929986349947971647e+01 1.177070320999309000e-01 2.438140466645990045e+00
1.742809625797083572e+04 4.985602588115735693e-05 1.918605249769867527e+01 1.140446344561867609e-01 2.451055947910390387e+00
1.781170121989439940e+04 4.725845415706145263e-05 1.907262436755232216e+01 1.104821618185397453e-01 2.464564111692652659e+00
1.820182586086533047e+04 4.479445695701722010e-05 1.895966730317334736e+01 1.070154498866549148e-01 2.478659286754322011e+00
1.859863530076997995e+04 4.245624984370127111e-05 1.884727097208042323e+01 1.036406097139864896e-01 2.493327528057932341e+00
1.900230514628272431e+04 4.023659976934901208e-05 1.873552516511104216e+01 1.003540286114834174e-01 2.508545718575589945e+00
1.941302185236140940e+04 3.812878869358802327e-05 1.862451830514589801e+01 9.715237062815094971e-02 2.524280810051521939e+00
1.983098301741906835e+04 3.612657926698604864e-05 1.851433583898501922e+01 9.403257615239181411e-02 2.540489264084015986e+00
2.025639760092212600e+04 3.422418225995191190e-05 1.840505854601070723e+01 9.099186015699849139e-02 2.557116758477320673e+00
2.068948605225782740e+04 3.241622545350269846e-05 1.829676080691691453e+01 8.802770860273866071e-02 2.574098222865501384e+00
2.113048034174105123e+04 3.069772375100564748e-05 1.818950888515442443e+01 8.513787253836349600e-02 2.591358260851620798e+00
2.157962388648001433e+04 2.906405031847247381e-05 1.808335928192859754e+01 8.232035948120480784e-02 2.608812005477943785e+00
2.203717136685767764e+04 2.751090861585539561e-05 1.797835723206405234e+01 7.957342174490968090e-02 2.626366435137043709e+00
2.250338843326201822e+04 2.603430524096309200e-05 1.787453541146113167e+01 7.689554149590040188e-02 2.643922154134884295e+00
2.297855130636970352e+04 2.463052357060492093e-05 1.777191292668403477e+01 7.428541246747638604e-02 2.661375609615703297e+00
2.346294628000735975e+04 2.329609824542516386e-05 1.767049465215204052e+01 7.174191843849889172e-02 2.678621683509192053e+00
2.395686913969043962e+04 2.202779060338908219e-05 1.757027097022333706e+01 6.926410877481620210e-02 2.695556562206036233e+00
2.446062451549320758e+04 2.082256521774696008e-05 1.747121795373378461e+01 6.685117153644151711e-02 2.712080750981215260e+00
2.497452519214221684e+04 1.967756773266984098e-05 1.737329800956180392e+01 6.450240484291686061e-02 2.728102074588605319e+00
2.549889140246218449e+04 1.859010421150739077e-05 1.727646097675315318e+01 6.221718735468746708e-02 2.743538485337808197e+00
2.603405013309688366e+04 1.755762221368419620e-05 1.718064564493917601e+01 5.999494884810076950e-02 2.758320497778640856e+00
2.658033447130450077e+04 1.657769379621134282e-05 1.708578163078074041e+01 5.783514191776330943e-02 2.772393082363407757e+00
2.713808302052038562e+04 1.564800059475270839e-05 1.699179152458095388e+01 5.573721582656845225e-02 2.785716880094071257e+00
2.770763940924107737e+04 1.476632107861958596e-05 1.689859319886713251e+01 5.370059342887910370e-02 2.798268650121713108e+00
2.828935191199007750e+04 1.393052000056302406e-05 1.680610215843565314e+01 5.172465192432135900e-02 2.810040921432232608e+00
2.888357319482296225e+04 1.313853998116521521e-05 1.671423380897916289e+01 4.980870797052573684e-02 2.821040885624199746e+00
2.949066019082491039e+04 1.238839508645453991e-05 1.662290552977834324e+01 4.795200740937212436e-02 2.831288636459305508e+00
3.011097410214244155e+04 1.167816618618583586e-05 1.653203845476060252e+01 4.615371957384629270e-02 2.840814914469206087e+00
3.074488051940642254e+04 1.100599782407486744e-05 1.644155889337798726e+01 4.441293587100185458e-02 2.849658553594849764e+00
3.139274964275787715e+04 1.037009629624012722e-05 1.635139935515721987e+01 4.272867210197118376e-02 2.857863843296684081e+00
3.205495658512114460e+04 9.768728623497803301e-06 1.626149917546902657e+01 4.109987381410611096e-02 2.865478007525382509e+00
3.273188173626221032e+04 9.200222115474677569e-06 1.617180477087414658e+01 3.952542388888269365e-02 2.872548969917943396e+00
3.342391116694879747e+04 8.662964256766064053e-06 1.608226957687110215e+01 3.800415155784319515e-02 2.879123525177021747e+00
3.413143705383032648e+04 8.155402692530495790e-06 1.599285373647746589e+01 3.653484209868081145e-02 2.885245978104023834e+00
3.485485810922688688e+04 7.676045145624915114e-06 1.590352361421708594e+01 3.511624657857364412e-02 2.890957253266549287e+00
3.559458000425657519e+04 7.223459152694207464e-06 1.581425120720378352e+01 3.374709115772758089e-02 2.896294431798196456e+00
3.635101577735102182e+04 6.796271557288376283e-06 1.572501351531664149e+01 3.242608562185380489e-02 2.901290638426416990e+00
3.712458622396441206e+04 6.393167739646015105e-06 1.563579191868192453e+01 3.115193095804173057e-02 2.905975185644081193e+00
3.791572026614915376e+04 6.012890593231703036e-06 1.554657159552669299e+01 2.992332590901486053e-02 2.910373881945076846e+00
3.872485530328194727e+04 5.654239277471511978e-06 1.545734099930975702e+01 2.873897252984385087e-02 2.914509424386096725e+00
3.955243754567245924e+04 5.316067786035218411e-06 1.536809140265059348e+01 2.759758082760111267e-02 2.918401813542743639e+00
4.039892233406347077e+04 4.997283372608077992e-06 1.527881650732997620e+01 2.649787259434853437e-02 2.922068749048264635e+00
4.126477444794613257e+04 4.696844873604662209e-06 1.518951211473800278e+01 2.543858455059423707e-02 2.925525983391310092e+00
4.215046840523532592e+04 4.413760962500010795e-06 1.510017584872031371e+01 2.441847091123026947e-02 2.928787624363167197e+00
4.305648875601791951e+04 4.147088364396471772e-06 1.501080692239479575e+01 2.343630547238253689e-02 2.931866386777073785e+00
4.398333037194990902e+04 3.895930053805449459e-06 1.492140594100161088e+01 2.249088330225186561e-02 2.934773798217804597e+00
4.493149873369483248e+04 3.659433453375361987e-06 1.483197473409322598e+01 2.158102210366689977e-02 2.937520366793989979e+00
4.590151021670571208e+04 3.436788647292827199e-06 1.474251621148412639e+01 2.070556330290603333e-02 2.940115717258549921e+00
4.689389237761026743e+04 3.227226619619411786e-06 1.465303423858128440e+01 1.986337290891379906e-02 2.942568702090284205e+00
4.790918424138319097e+04 3.030017525280095735e-06 1.456353352758395836e+01 1.905334217757815446e-02 2.944887493880798957e+00
4.894793659012627904e+04 2.844468999526718043e-06 1.447401954190285345e+01 1.827438811005060310e-02 2.947079661436248443e+00
5.001071225430044433e+04 2.669924510122327463e-06 1.438449841155494369e+01 1.752545380864507438e-02 2.949152233691904712e+00
5.109808640691782784e+04 2.505761755280623365e-06 1.429497685789127637e+01 1.680550870947040629e-02 2.951111754120233854e+00
5.221064686095598154e+04 2.351391109576810683e-06 1.420546212623259841e+01 1.611354870838260789e-02 2.952964326944027107e+00
5.334899437053110159e+04 2.206254119266740481e-06 1.411596192532577021e+01 1.544859619412230003e-02 2.954715656637915799e+00
5.451374293627973384e+04 2.069822047885961419e-06 1.402648437266422476e+01 1.480970000049976198e-02 2.956371082563805430e+00
5.570552011462857627e+04 1.941594472571711274e-06 1.393703794497411153e+01 1.419593528786401715e-02 2.957935608573677655e+00
5.692496733221783506e+04 1.821097931144617145e-06 1.384763143317781875e+01 1.360640336296199335e-02 2.959413928978221975e+00
5.817274020489287795e+04 1.707884619696244768e-06 1.375827390133227368e+01 1.304023144466623201e-02 2.960810452254861502e+00
5.944950886149934377e+04 1.601531140226278632e-06 1.366897464918547200e+01 1.249657238267882185e-02 2.962129321280713157e+00
6.075595827326362632e+04 1.501637297633140221e-06 1.357974317790424301e+01 1.197460433530103154e-02 2.963374431678460041e+00
6.209278858823084738e+04 1.407824945229283621e-06 1.349058915868320874e+01 1.147353041155330447e-02 2.964549448322145508e+00
6.346071547120081232e+04 1.319736877846029092e-06 1.340152240392580829e+01 1.099257828276449175e-02 2.965657818979877902e+00
6.486047044939488842e+04 1.237035771480160773e-06 1.331255284056553911e+01 1.053099976811756877e-02 2.966702786542214199e+00
6.629280126338254195e+04 1.159403168334934532e-06 1.322369048537060188e+01 1.008807039793437749e-02 2.967687400256863839e+00
6.775847222400162718e+04 1.086538506017183143e-06 1.313494542216254501e+01 9.663088958050359764e-03 2.968614527741920028e+00
6.925826457463932456e+04 1.018158189580039164e-06 1.304632778120739367e+01 9.255377017770120840e-03 2.969486867173600331e+00
7.079297685991681647e+04 9.539947051529504886e-07 1.295784772060516943e+01 8.864278444555253461e-03 2.970306956251761221e+00
7.236342529977037339e+04 8.937957739699741040e-07 1.286951540886634149e+01 8.489158908926994554e-03 2.971077177493953059e+00
7.397044416948592698e+04 8.373235454842864071e-07 1.278134100834981801e+01 8.129405382198789248e-03 2.971799765535990900e+00
7.561488618537002185e+04 7.843538280711220429e-07 1.269333466053135773e+01 7.784425627549576739e-03 2.972476816476387285e+00
7.729762289651448373e+04 7.346753560600708357e-07 1.260550647268100910e+01 7.453647686966728171e-03 2.973110293096397072e+00
7.901954508202755824e+04 6.880890918628745287e-07 1.251786650516131871e+01 7.136519366586423566e-03 2.973702028082357174e+00
8.078156315354965045e+04 6.444075618469898856e-07 1.243042475948293379e+01 6.832507721667865040e-03 2.974253734547573913e+00
8.258460756417589437e+04 6.034542244260745035e-07 1.234319116920461923e+01 6.541098540211905121e-03 2.974767019133764734e+00
8.442962922283880471e+04 5.650628693046286068e-07 1.225617559223674391e+01 6.261795828388035806e-03 2.975243381138454879e+00
8.631759991421425366e+04 5.290770468499175195e-07 1.216938780203928872e+01 5.994121301454060323e-03 2.975684205584570918e+00
8.824951272308264743e+04 4.953495262119726682e-07 1.208283747849864298e+01 5.737613879738444334e-03 2.976090737242031992e+00
9.022638246136230009e+04 4.637417814353358629e-07 1.199653419219972861e+01 5.491829195909023534e-03 2.976464100866792251e+00
9.224924609971565951e+04 4.341235027878750779e-07 1.191048740105643056e+01 5.256339096071616437e-03 2.976805382614884365e+00
9.431916320887622715e+04 4.063721326549370020e-07 1.182470645772969853e+01 5.030731139755193621e-03 2.977115630114553824e+00
9.643721640519086213e+04 3.803724264979242646e-07 1.173920060718614167e+01 4.814608118144218102e-03 2.977395798905320135e+00
9.860451180013221165e+04 3.560160371137405950e-07 1.165397898013076272e+01 4.607587584098051837e-03 2.977646717299421653e+00
1.008221794506693550e+05 3.332011210643248822e-07 1.156905058148076648e+01 4.409301393810616081e-03 2.977869098590815611e+00
1.030913738123279036e+05 3.118319654328618292e-07 1.148442428716906427e+01 4.219395249916596882e-03 2.978063474819236944e+00
1.054132741847636207e+05 2.918186358892220703e-07 1.140010881493913253e+01 4.037528271916456662e-03 2.978230441469804646e+00
1.077890851844343124e+05 2.730766388994874092e-07 1.131611278647966401e+01 3.863372510554676995e-03 2.978370652655257800e+00
1.102200372090255114e+05 2.555266073424919881e-07 1.123244469883494467e+01 3.696612541261239549e-03 2.978484512568968512e+00
1.127073868964747817e+05 2.390940024355209065e-07 1.114911290560917045e+01 3.536945056673830232e-03 2.978572247546253493e+00
1.152524175788099965e+05 2.237088314383639329e-07 1.106612560660857270e+01 3.384078461338720697e-03 2.978634041547081779e+00
1.178564397434284037e+05 2.093053798125230305e-07 1.098349086417993270e+01 3.237732459856426052e-03 2.978670291446690044e+00
1.205207915205114259e+05 1.958219569948712893e-07 1.090121665998382561e+01 3.097637635210940578e-03 2.978681349991575189e+00
1.232468391475483659e+05 1.832006604949028599e-07 1.081931084745129645e+01 2.963535100961733979e-03 2.978667135877174132e+00
1.260359774098198977e+05 1.713871525422316288e-07 1.073778110865566582e+01 2.835176154475366975e-03 2.978627366105513374e+00
1.288896300800855824e+05 1.603304473095773211e-07 1.065663496400276422e+01 2.712321908375139607e-03 2.978562552041239542e+00
1.318092504638977989e+05 1.499827046554230951e-07 1.057587998064382084e+01 2.594742838041591126e-03 2.978472331297552955e+00
1.347963217244338884e+05 1.402990536935657029e-07 1.049552337047439288e+01 2.482218646369554246e-03 2.978356201067356324e+00
1.378523574071396433e+05 1.312374033296129769e-07 1.041557237289655724e+01 2.374537740877704153e-03 2.978214606062351777e+00
1.409789018882119271e+05 1.227582788114261926e-07 1.033603412695080159e+01 2.271496983847668717e-03 2.978046439208696938e+00
1.441775306746955903e+05 1.148246689368755855e-07 1.025691544304068792e+01 2.172901478843665760e-03 2.977852757063317313e+00
1.474498511639737408e+05 1.074018594996075104e-07 1.017822357228696184e+01 2.078563944306392481e-03 2.977632076676059114e+00
1.507975025513592991e+05 1.004573234305262052e-07 1.009996485993198689e+01 1.988304988593377065e-03 2.977382264201992257e+00
1.542221564682186581e+05 9.396056144928035627e-08 1.002214594004666637e+01 1.901952318874234465e-03 2.977105958714673761e+00
1.577255176046480483e+05 8.788298086714941109e-08 9.944773696444029198e+00 1.819340514848908534e-03 2.976800005431016416e+00
1.613093234205566987e+05 8.219780191447061223e-08 9.867853974674128281e+00 1.740311236044567817e-03 2.976465809996568623e+00
1.649753454937038186e+05 7.687990587142822111e-08 9.791393936357376759e+00 1.664712114212968342e-03 2.976105471274593128e+00
1.687253893408836157e+05 7.190576997356968182e-08 9.715399921164628694e+00 1.592397292656700042e-03 2.975710728073693190e+00
1.725612939457228931e+05 6.725336969188474325e-08 9.639877215798211552e+00 1.523227207655870408e-03 2.975283410844099308e+00
1.764849332622275106e+05 6.290204994712658788e-08 9.564832573127603155e+00 1.457067544630973391e-03 2.974825864976139655e+00
1.804982158184272703e+05 5.883247440404895580e-08 9.490271867986562526e+00 1.393789788486437479e-03 2.974337092609744104e+00
1.846030856230813370e+05 5.502652245494025131e-08 9.416201712685502656e+00 1.333270511386813436e-03 2.973812124790185862e+00
1.888015209311479994e+05 5.146724316505223288e-08 9.342626989609073007e+00 1.275391872065863167e-03 2.973250762288841997e+00
1.930955360002506350e+05 4.813874169792987515e-08 9.269554359268477484e+00 1.220040417814783999e-03 2.972653873194758489e+00
1.974871799679925607e+05 4.502614959519336300e-08 9.196989043436692768e+00 1.167107792368788982e-03 2.972021961457016914e+00
2.019785385846749996e+05 4.211552835923980838e-08 9.124937974562051579e+00 1.116489722066279404e-03 2.971351612624005156e+00
2.065717321594273963e+05 3.939384942874132034e-08 9.053405856853878220e+00 1.068086835497537249e-03 2.970631867848794627e+00
2.112689155750596256e+05 3.684891380911130538e-08 8.982397459863824096e+00 1.021803872636520066e-03 2.969873637607292949e+00
2.160722807523134979e+05 3.446928202246767437e-08 8.911919982402956464e+00 9.775490184698407570e-04 2.969081730579887335e+00
2.209840554683803348e+05 3.224425671575873847e-08 8.841979510062092373e+00 9.352345879856265075e-04 2.968239143318669448e+00
2.260065008577560657e+05 3.016384090553232477e-08 8.772580007094507692e+00 8.947770230914690870e-04 2.967354629665123866e+00
2.311419158861233736e+05 2.821864948738544458e-08 8.703729629050503291e+00 8.560954409548225371e-04 2.966418788591795419e+00
2.363926304284222133e+05 2.639993780430753462e-08 8.635430788058142682e+00 8.191135069999882189e-04 2.965427442704935856e+00
2.417610109272089612e+05 2.469948996662347640e-08 8.567691058618031263e+00 7.837571193783593546e-04 2.964402399053597037e+00
2.472494596648585575e+05 2.310962244457593790e-08 8.500517663524275846e+00 7.499554263669648037e-04 2.963588879470307802e+00
2.528604800665234216e+05 2.162288913784129338e-08 8.433968244854169072e+00 7.176322216184972654e-04 2.975552456425987202e+00
2.586000000000000000e+05 2.022040520108491209e-08 8.370573335726499309e+00 6.863183729988616127e-04 2.987810301576000249e+00
